image: cartographer_edit.pgm
resolution: 0.020000
origin: [-7.656047, -9.622065, 0.000000]
negate: 0
occupied_thresh: 0.65
free_thresh: 0.196

